 
Base Classifier Report on Training for train.txt 1153 documents ,Final Accuracies.


              precision    recall  f1-score   support

       B-Loc      0.729     0.853     0.786      1540
       B-Org      0.733     0.657     0.693       785
     B-Other      0.862     0.579     0.693       573
      B-Peop      0.815     0.766     0.789      1369
       I-Loc      0.793     0.699     0.743       745
       I-Org      0.690     0.751     0.719       955
     I-Other      0.884     0.603     0.717       516
      I-Peop      0.832     0.943     0.884      1437
           O      0.975     0.977     0.976     25797

    accuracy                          0.929     33717
   macro avg      0.813     0.759     0.778     33717
weighted avg      0.930     0.929     0.928     33717

confusion_matrix :
 [[ 1313    52     2    60    15     8     3     3    84]
 [  120   516     0    32     2    31     1     0    83]
 [   55    15   332    28     1     8     3     6   125]
 [   98    18     1  1048     4    19     0   116    65]
 [   27     3     0     3   521    97     0    38    56]
 [   16    21     0     3    47   717     1    49   101]
 [    6     1     9     2    19    25   311    17   126]
 [    1     0     0     7    15    43     0  1355    16]
 [  164    78    41   103    33    91    33    44 25210]]
